 1.5001
    1.5003
    1.5005
    1.5007
    1.5004
    1.5008
    1.5007
    1.5010
    1.5005
    1.5003
    1.5001
    1.5006
    1.5008
    1.5004
    1.5001
    1.5003
    1.5002
    1.5003
    1.5004
    1.5005
    1.5005
    1.5009
    1.5005
    1.5009
    1.5006
    1.5010
    1.5002
    1.5007
    1.5003
    1.5007
    1.5007
    1.5001
    1.5003
    1.5002
    1.5007
    1.5008
    1.5003
    1.5008
    1.5007
    1.5000
    1.5006
    1.5004
    1.5009
    1.5000
    1.5005
    1.5004
    1.5005
    1.5008
    1.5003
    1.5008
    1.5005
    0.5778
    0.5780
    0.5785
    0.5783
    0.5779
    0.5781
    0.5784
    0.5780
    0.5785
    0.5780
    0.5787
    0.5780
    0.5785
    0.5780
    0.5781
    0.5779
    0.5784
    0.5785
    0.5783
    0.5782
    0.5784
    0.5784
    0.5785
    0.5784
    0.5787
    0.5780
    0.5785
    0.5780
    0.5779
    0.5784
    0.5782
    0.5782
    0.5784
    0.5785
    0.5781
    0.5784
    0.5782
    0.5786
    0.5786
    0.5780
    0.5784
    0.5784
    0.5783
    0.5786
    0.5780
    0.5781
    0.5779
    0.5787
    0.5784
    0.5783
    0.5784
